0,273
0,270
0,523
126,35
3,2
3,1
3,3
10,295
10,77
10,219
10,245
10,11
10,257
10,2
77,3
77,1
75,4
75,3
75,1
58,4
58,3
58,1
9,7
9,2
9,3
54,3
54,1
8,8
8,17
8,12
8,14
52,3
0,473
52,1
44,3
44,1
42,3
42,1
40,4
40,3
40,1
38,5
38,4
38,3
38,1
34,4
34,3
34,1
32,4
32,3
32,1
29,12
29,11
29,10
29,9
29,8
29,7
29,6
29,5
29,4
29,3
29,1
27,3
27,1
26,3
26,1
20,3
20,2
20,1
19,3
19,2
19,1
14,7
12,3
12,2
12,1
11,30
11,29
11,28
11,27
11,26
11,25
11,24
11,23
11,22
11,21
11,20
11,19
11,18
11,17
11,16
11,15
11,14
11,13
11,12
11,11
11,10
11,9
11,8
11,7
11,6
11,5
11,4
11,3
11,2
11,1
10,315
10,314
10,313
10,312
10,311
10,310
10,309
10,308
10,307
10,306
10,305
10,304
10,303
10,302
10,301
18,1
